44
88
265
268
283
418
485
68
105
182
186
189
195
16
51
57
63
356
442
258
321
431
474
488
496
39
123
124
125
126
127
128
129
130
131
133
135
137
413
202
310
366
490
112
177
430
431
434
440
453
455
47
94
187
99
106
107
111
112
279
389
401
402
92
135
311
312
405
464
470
479
16
30
33
142
380
381
403
407
411
412
270
379
456
469
26
28
261
309
348
298
145
146
224
483
484
238
395
396
397
400
271
284
159
401
126
327
242
44
204
208
214
155
346
487
191
192
206
172
173
370
373
376
421
483
486
259
275
278
281
449
377
486
371
244
93
147
205
206
406
181
193
194
299
301
364
172
399
112
35
41
164
173
203
278
320
192
433
461
405
145
139
145
366
474
481
159
282
338
340
65
66
98
418
424
191
192
193
194
197
314
34
206
416
203
476
297
338
250
251
252
263
346
22
365
378
239
276
473
487
488
490
109
340
427
261
384
470
143
100
103
190
105
106
107
111
113
124
193
349
351
359
363
364
189
192
194
371
116
159
160
68
179
393
277
404
461
21
23
412
288
302
450
41
379
493
15
107
43
66
84
462
226
234
60
73
127
131
133
134
135
136
137
138
215
226
237
367
377
465
496
220
367
460
475
31
203
345
407
461
160
403
406
409
202
269
320
326
121
281
384
26
231
379
423
205
471
187
378
58
96
175
474
350
39
132
135
144
310
471
166
181
243
426
151
361
21
130
47
352
393
489
386
311
65
485
185
305
93
127
239
135
201
345
502
43
108
265
292
460
307
248
25
68
392
417
259
366
61
189
182
436
279
329
134
231
497
130
68
196
85
324
465
174
294
322
47
243
22
480
119
113
243
370
177
253
488
84
272
373
410
65
126
188
378
234
137
465
169
59
276
37
137
305
195
331
409
239
368
27
69
365
176
245
468
284
311
38
132
200
443
398
74
96
35
79
142
158
178
365
258
252
454
258
441
119
173
22
368
31
48
350
351
87
399
368
371
493
146
226
459
36
175
451
49
319
393
126
433
472
14
53
344
23
66
273
415
378
67
257
207
272
162
47
440
443
52
58
65
451
60
67
224
276
292
328
88
461
219
77
319
495
466
124
148
397
189
296
405
122
67
132
200
200
381
218
387
405
448
145
396
318
262
187
214
52
368
468
433
152
457
103
112
321
93
100
235
486
55
347
72
498
25
181
190
44
236
460
40
47
423
425
211
450
178
398
169
419
503
36
190
303
253
343
375
232
190
197
175
312
336
429
91
125
258
92
189
324
420
59
328
481
155
246
253
397
457
493
126
200
384
479
221
350
278
270
397
439
94
101
78
159
300
68
125
79
160
266
23
44
394
92
416
442
286
394
448
450
456
163
232
105
201
457
71
299
396
209
65
436
89
159
162
227
249
276
30
112
270
83
118
148
267
329
450
115
299
359
319
147
332
359
414
429
448
301
141
219
109
242
312
277
282
303
179
320
357
222
283
146
151
158
159
469
474
163
371
46
139
225
167
293
181
226
292
350
30
39
272
245
255
40
45
87
209
352
353
393
403
224
252
262
229
86
89
219
463
23
170
189
225
218
409
136
153
156
207
366
306
185
251
308
88
157
136
316
199
148
217
295
52
218
85
375
396
306
279
282
401
21
289
40
357
166
248
477
239
249
355
359
284
163
148
50
113
120
476
30
118
149
170
468
129
356
497
73
222
199
390
416
442
251
369
379
163
466
140
318
190
76
328
256
463
253
470
123
268
469
223
224
225
477
189
91
147
155
348
399
81
253
334
431
468
481
494
496
289
39
107
115
269
504
202
26
159
208
490
198
477
273
124
427
111
186
386
119
239
445
130
226
316
199
275
299
261
56
58
230
221
441
441
155
163
112
475
331
141
394
78
31
209
379
142
444
207
190
51
429
213
263
371
382
231
446
294
436
470
102
50
359
114
232
287
63
436
283
273
410
51
125
459
233
351
410
452
104
114
356
374
60
128
185
402
130
381
452
358
313
395
474
136
137
221
132
211
366
419
495
251
296
429
439
460
53
296
382
400
408
422
101
502
70
496
423
25
415
458
92
204
418
217
304
397
121
319
486
243
459
79
89
118
248
205
267
77
491
85
350
239
309
31
149
274
189
384
404
99
182
215
252
327
30
208
465
230
344
402
182
376
377
478
368
212
226
142
439
166
126
367
150
270
388
471
88
140
331
383
333
46
330
108
490
218
454
474
478
43
268
320
497
284
368
390
454
201
354
72
178
216
321
476
245
145
373
450
85
203
304
29
39
281
299
162
339
200
214
179
290
469
473
32
319
254
371
382
38
146
439
125
292
356
31
180
240
308
96
214
266
387
462
234
481
34
338
125
129
136
294
422
319
200
442
133
326
358
69
160
202
142
169
54
66
418
428
471
59
413
468
28
432
47
145
299
342
20
421
460
25
209
212
35
493
332
352
90
198
471
205
232
339
372
403
464
279
467
80
117
249
462
176
117
490
98
195
390
473
186
352
64
412
27
124
344
90
342
122
339
98
281
453
475
124
125
174
349
77
403
64
82
100
162
282
479
295
372
431
128
139
178
416
191
329
339
348
369
434
366
382
442
46
128
334
398
113
114
131
372
373
383
147
400
482
151
420
429
240
151
184
417
495
503
76
84
268
313
458
181
220
339
210
414
478
45
250
68
430
81
238
225
321
455
249
235
439
197
245
264
37
110
121
303
113
266
319
300
309
345
455
466
213
373
500
191
499
484
150
422
306
334
74
108
305
434
463
126
339
445
454
190
198
217
26
315
101
502
68
100
210
276
299
385
69
306
328
390
24
140
195
205
57
229
238
246
481
482
193
343
404
128
171
487
196
414
267
465
101
202
489
228
486
82
159
313
437
72
316
326
130
208
264
273
280
491
158
247
257
490
33
41
49
116
346
170
488
470
146
253
488
38
272
412
379
473
29
386
384
57
380
32
170
379
172
233
57
380
84
93
102
112
185
194
62
192
408
462
323
217
263
55
142
325
327
499
145
465
279
364
253
346
49
57
67
451
473
481
490
162
325
374
418
21
228
284
168
211
380
240
411
474
188
49
165
241
295
496
31
329
384
438
94
189
241
339
397
286
82
218
311
37
384
469
229
300
304
333
506
145
134
158
277
389
466
458
466
63
404
301
305
312
47
316
339
175
386
435
24
155
307
344
363
94
209
212
213
157
320
335
347
276
357
396
477
210
156
423
344
350
375
266
325
326
81
287
120
148
186
306
319
358
53
195
317
390
433
90
130
54
183
404
407
136
104
385
86
432
40
72
99
247
327
80
42
252
452
262
290
328
283
289
404
28
140
157
351
355
391
461
442
450
54
285
102
377
422
505
341
364
110
260
291
305
104
177
188
391
284
121
214
51
63
309
313
131
92
486
135
159
205
239
339
359
161
152
390
148
347
432
168
69
289
321
341
79
215
313
293
485
496
261
274
479
186
221
299
397
265
29
205
216
273
384
142
497
354
240
83
370
63
368
480
500
58
323
366
148
160
163
331
463
137
456
25
118
253
281
327
164
353
364
456
499
183
228
445
368
390
319
127
291
316
160
341
342
349
41
168
232
252
295
379
491
457
481
221
243
306
378
162
76
80
116
122
130
237
280
352
471
476
292
426
461
76
215
208
212
130
165
276
282
268
246
480
136
147
301
269
327
198
276
288
465
226
317
328
301
426
427
294
279
139
461
140
360
443
291
334
342
352
280
44
196
261
314
335
382
498
287
238
146
215
255
356
494
151
58
63
263
331
337
62
327
399
502
293
149
186
279
226
234
439
21
58
70
385
297
156
283
293
274
496
199
401
412
213
217
210
249
366
393
413
192
390
253
301
286
291
297
484
130
223
471
69
140
328
431
443
449
455
473
486
415
443
280
128
102
92
297
272
279
326
420
429
373
217
271
458
497
100
269
82
87
217
387
233
455
83
495
218
283
295
127
253
368
257
288
345
321
424
449
282
359
253
436
224
431
300
320
302
180
91
493
158
299
452
484
25
265
278
51
161
280
409
254
359
379
224
325
155
183
413
108
120
128
322
116
246
195
262
269
286
415
132
161
219
269
379
398
253
309
498
202
224
172
191
215
288
300
308
96
220
302
313
432
28
426
38
70
310
107
183
27
426
432
459
125
285
463
482
307
378
354
88
212
352
58
187
236
244
126
436
17
408
105
363
62
210
354
64
265
277
309
340
335
370
345
161
207
294
20
240
489
75
143
337
194
503
184
219
259
56
18
367
501
359
461
182
364
470
46
295
309
329
191
259
221
348
92
392
329
264
421
437
106
191
219
127
67
130
493
434
482
395
92
296
121
357
168
410
256
177
232
391
112
388
155
341
415
454
295
434
478
45
253
316
329
280
283
132
135
148
155
33
219
366
438
125
278
341
36
39
47
119
338
114
237
182
431
160
276
76
102
236
442
493
91
306
413
197
200
450
112
118
329
166
176
434
367
403
424
127
130
280
246
33
48
176
225
291
345
503
192
267
345
67
235
302
447
335
467
258
441
143
149
352
489
495
41
259
255
343
448
451
132
274
35
38
44
56
338
410
436
167
160
161
185
27
99
278
441
371
392
112
467
478
172
433
99
152
74
167
389
197
109
346
405
411
61
317
273
297
172
214
220
223
152
308
358
452
500
19
486
309
46
168
204
73
166
24
32
78
168
333
397
195
112
200
96
28
297
227
48
69
261
274
466
481
163
263
300
72
108
358
302
338
242
345
381
443
24
171
236
274
319
342
140
190
423
28
62
19
137
152
362
70
127
222
276
348
30
360
395
446
271
408
492
422
163
267
137
201
129
247
336
351
313
340
241
253
326
338
59
227
214
212
269
60
113
268
73
257
389
489
491
264
215
392
26
46
142
203
286
443
124
254
237
87
105
237
254
314
212
114
438
20
129
437
169
165
177
108
123
311
324
422
457
483
267
276
280
379
453
125
309
396
295
345
45
361
102
251
470
486
305
298
474
223
38
366
207
501
143
341
422
89
371
45
132
145
416
127
356
101
306
74
341
91
404
43
60
272
314
377
225
218
236
22
31
140
84
141
351
419
362
165
492
105
201
263
321
384
206
37
161
310
88
369
437
480
503
121
188
47
323
330
332
222
501
56
51
101
23
74
190
293
445
60
325
326
442
182
245
368
370
374
379
381
384
90
282
38
81
145
243
245
477
141
217
219
109
75
140
151
29
111
63
365
369
393
134
145
423
456
168
173
176
180
313
205
357
483
187
248
320
324
329
489
18
202
327
453
172
57
81
83
157
238
418
48
75
117
120
124
168
221
406
234
397
417
42
44
60
69
76
83
87
490
153
160
297
344
138
299
461
91
313
358
86
47
375
395
400
413
418
421
434
436
439
479
481
23
333
340
41
57
64
147
418
239
136
206
435
437
289
296
316
423
501
166
224
287
58
131
500
23
263
61
86
354
361
363
366
501
473
21
125
135
288
401
83
110
143
152
162
165
178
419
421
82
409
479
335
445
447
452
118
126
183
442
444
208
442
340
306
309
358
381
416
418
81
88
309
298
402
410
439
441
492
154
212
351
353
302
402
325
413
456
32
221
244
346
351
109
495
72
79
173
175
372
378
379
476
204
46
108
115
284
204
342
85
174
295
360
195
233
248
171
440
95
369
145
193
325
327
442
94
192
351
355
357
364
65
172
175
389
391
97
342
377
499
326
329
333
337
94
414
432
439
450
452
485
134
136
137
140
141
143
145
148
150
152
276
470
23
74
130
134
211
220
406
488
495
339
413
469
128
185
458
386
458
481
30
41
235
135
444
26
24
124
131
58
128
223
478
421
408
461
37
97
120
248
331
488
23
89
249
458
492
39
73
345
430
473
73
432
477
59
327
381
459
295
455
176
268
455
120
313
407
426
87
117
287
341
453
95
248
81
292
348
290
473
43
272
25
442
492
372
442
477
66
487
310
447
96
92
510
26
56
125
312
96
272
246
163
210
269
279
133
461
126
272
480
211
195
356
274
450
492
30
113
189
199
309
264
338
412
239
259
364
45
205
88
94
278
291
301
205
200
332
100
101
45
78
423
496
59
177
205
224
39
389
69
104
108
266
173
210
358
475
495
331
351
68
449
286
245
365
459
466
156
328
207
84
463
205
252
404
298
382
179
165
415
353
25
150
163
197
117
306
483
163
217
288
451
413
497
412
471
170
345
59
350
183
288
180
473
491
75
333
126
90
320
73
111
105
146
66
309
314
205
290
341
226
182
239
386
26
105
111
404
71
461
88
237
390
391
456
471
274
293
294
177
182
291
132
231
250
188
297
130
227
27
183
244
81
471
244
225
53
417
443
380
494
333
190
338
109
419
162
103
270
92
145
445
130
244
338
319
403
164
431
478
122
404
414
355
321
55
497
42
382
356
249
125
236
386
77
345
84
397
185
275
91
161
204
119
224
250
289
223
411
197
387
29
210
317
162
209
267
347
39
216
377
23
33
210
192
281
94
149
229
443
278
399
133
259
482
145
152
363
497
199
274
482
178
187
309
297
433
358
69
107
180
170
248
257
298
375
393
395
72
149
153
153
207
232
441
155
234
32
122
125
128
131
134
137
143
146
149
155
315
319
320
325
328
334
453
428
431
463
475
460
196
246
59
63
71
171
64
323
109
365
381
317
428
138
214
315
168
108
137
181
387
500
132
135
242
355
120
123
126
128
450
113
121
146
159
162
166
167
170
171
172
177
180
98
197
333
480
315
72
133
145
156
289
431
444
496
202
120
172
128
42
50
80
44
73
78
83
476
152
214
391
290
299
161
193
73
432
140
350
362
407
416
425
468
476
99
104
310
212
394
61
117
139
141
56
482
59
133
251
276
288
289
290
293
303
498
151
160
201
278
296
320
392
320
45
93
27
180
461
297
20
352
358
360
363
366
456
299
66
109
134
147
169
404
410
416
290
302
39
249
444
216
436
439
441
167
197
204
387
468
471
303
387
390
49
110
300
306
410
413
364
76
297
303
306
71
131
406
428
441
161
288
328
383
409
426
210
319
153
343
348
353
382
485
150
499
58
64
78
159
372
373
374
376
102
150
185
488
91
289
353
92
122
134
170
173
326
380
443
490
339
398
414
82
139
141
188
29
347
351
354
356
50
161
172
298
229
238
298
306
364
36
100
148
313
315
318
320
322
325
326
330
408
414
416
419
426
436
130
132
133
134
135
136
137
138
140
142
145
148
149
150
191
27
85
167
169
81
111
27
81
95
293
400
145
238
317
443
89
145
395
51
343
112
224
406
171
377
363
100
136
321
344
500
101
157
300
329
357
272
398
422
193
335
19
154
476
424
426
110
63
403
405
418
29
102
145
167
181
318
331
89
149
227
365
395
131
280
364
145
63
125
203
237
388
407
453
31
243
448
504
165
202
280
74
198
325
126
244
464
160
298
144
169
83
319
271
36
220
440
262
70
268
473
253
254
434
282
385
392
87
396
297
456
500
363
150
378
99
161
369
85
167
388
439
484
96
410
444
311
321
408
453
457
473
103
126
228
468
142
337
410
136
355
152
66
91
498
105
28
449
41
235
348
32
245
322
131
334
379
22
36
50
112
126
140
265
287
323
340
365
491
127
133
445
126
265
357
312
342
417
442
196
228
355
183
332
120
295
341
442
391
407
411
94
326
65
79
215
432
314
437
279
289
382
388
122
199
288
441
93
33
470
488
393
94
255
360
384
452
86
113
200
290
411
449
463
234
350
386
449
156
296
448
317
55
383
228
428
152
333
132
388
469
62
408
315
439
106
176
191
423
336
277
341
410
390
139
175
192
290
397
349
375
377
442
487
250
430
448
503
66
95
125
394
458
193
239
268
440
487
62
434
103
225
391
42
328
332
353
201
70
441
87
291
364
413
427
92
362
421
239
268
284
91
231
463
137
330
362
34
38
44
373
331
39
25
221
461
138
200
204
210
231
345
359
444
102
191
318
448
407
411
386
222
346
391
253
270
484
52
240
434
25
130
250
265
409
430
439
228
125
173
257
186
444
287
211
73
263
91
377
347
456
464
309
166
108
116
387
257
240
485
307
343
448
368
68
194
242
305
246
178
186
268
371
414
91
157
437
479
155
299
139
484
79
152
215
387
165
74
80
28
407
300
401
171
82
233
200
319
99
175
238
219
268
109
253
265
326
415
49
463
501
258
275
101
251
308
489
428
49
198
192
203
473
263
468
103
211
344
495
396
25
160
282
125
305
71
155
465
241
397
51
489
318
374
454
464
481
47
239
314
321
392
440
420
364
175
235
381
410
126
164
239
279
391
199
339
361
61
305
345
356
227
270
279
392
294
442
82
301
452
487
156
244
248
259
396
434
64
185
224
333
440
34
65
409
159
505
471
212
276
474
241
408
416
124
42
261
193
245
242
296
307
326
345
382
211
214
229
264
263
444
113
173
289
143
263
396
297
101
44
55
486
351
407
306
366
475
114
123
132
263
302
158
249
246
274
454
463
181
183
203
272
315
373
73
265
301
68
315
388
355
382
391
190
260
506
39
396
421
70
90
294
140
350
115
147
279
145
280
339
426
194
242
94
83
85
237
289
373
155
206
433
175
238
482
341
467
330
372
389
413
246
324
466
70
401
22
29
61
80
171
165
266
392
116
311
445
485
82
226
270
273
338
24
86
451
96
154
160
483
46
208
223
361
81
493
468
93
474
40
79
157
331
304
310
313
316
325
489
478
480
487
496
247
264
169
172
175
181
440
382
109
209
351
151
113
229
286
388
129
92
365
198
227
233
387
123
129
455
189
350
94
171
313
232
264
270
330
42
150
195
243
411
447
215
368
404
244
127
282
138
201
345
441
127
307
346
352
502
51
247
51
68
74
80
236
242
286
289
33
244
365
150
251
359
428
459
170
42
48
136
185
324
405
408
63
111
226
241
282
273
354
45
63
75
87
102
108
123
138
144
159
171
174
180
195
207
210
216
231
243
246
252
267
279
282
303
327
333
360
375
399
405
411
417
426
432
447
459
462
468
495
96
175
409
331
24
198
237
282
238
312
394
340
407
167
189
192
300
303
312
118
96
251
476
109
175
301
378
397
488
24
373
105
111
238
173
314
317
320
470
482
310
409
27
36
83
205
162
495
446
146
158
243
353
474
209
61
79
270
369
84
484
83
86
95
101
201
296
135
195
325
95
416
422
476
388
164
427
163
79
85
271
352
436
65
206
218
221
239
245
430
315
318
87
135
162
404
410
413
422
130
296
134
459
465
112
275
244
70
209
215
218
463
120
349
428
478
331
94
204
248
365
473
267
387
386
391
491
78
121
138
144
15
218
224
334
215
259
272
341
412
257
262
263
346
148
200
298
146
224
393
478
281
79
93
53
316
107
128
223
451
381
228
233
239
375
201
345
215
274
329
447
221
341
44
249
270
223
229
294
204
279
437
450
216
48
234
269
137
143
224
217
180
351
408
76
20
265
286
343
477
42
143
189
258
266
356
196
352
368
382
15
131
376
434
37
200
461
57
425
254
484
222
257
457
498
231
237
401
501
342
349
189
241
253
288
184
438
496
169
177
191
316
214
220
423
473
80
208
175
234
240
315
374
435
101
201
503
250
395
403
491
264
371
373
374
157
243
283
200
164
169
327
392
412
121
32
261
283
393
239
245
390
301
60
186
238
180
461
77
350
61
101
165
308
398
438
80
154
325
491
454
354
31
126
207
240
363
102
253
328
224
449
172
318
397
409
295
429
157
40
212
335
199
286
97
132
353
382
138
74
92
227
175
127
309
405
209
370
379
136
264
345
162
303
203
215
398
87
487
204
28
70
295
400
250
71
256
277
283
322
17
114
278
432
425
27
36
204
221
319
395
179
502
63
354
395
139
187
247
377
263
36
42
63
72
84
93
102
108
129
138
144
168
174
180
204
210
216
240
246
252
330
333
402
405
408
426
432
453
462
468
498
206
108
25
94
132
258
380
159
453
497
413
72
372
384
26
86
26
394
108
179
407
458
467
126
27
77
160
205
211
393
433
465
41
81
396
270
491
116
373
198
405
456
131
442
116
177
496
319
59
197
398
160
82
497
207
452
87
138
225
246
413
434
31
145
270
411
462
468
107
149
418
234
261
92
108
267
288
297
394
429
438
175
206
24
415
478
23
75
80
185
477
256
354
363
271
283
286
75
105
237
117
353
483
278
348
372
358
385
391
469
50
252
254
97
216
301
343
302
311
393
415
276
114
389
386
426
447
153
405
480
361
370
352
84
222
269
281
269
281
455
464
360
256
402
255
37
307
393
262
424
40
46
67
289
110
189
269
62
196
233
309
334
431
99
180
192
223
310
358
509
107
143
179
215
251
275
359
419
431
467
503
270
498
159
186
480
279
175
436
124
142
256
332
341
332
54
296
174
277
446
91
249
470
480
59
219
294
423
429
438
465
43
24
50
84
261
263
482
146
273
220
247
315
324
480
153
277
29
106
376
67
76
328
331
346
391
33
246
288
429
213
288
290
377
274
219
340
345
409
438
463
480
501
332
278
447
315
200
469
426
484
221
134
419
433
410
223
306
370
50
169
439
31
209
65
451
479
498
30
462
203
237
436
311
231
288
66
64
147
452
475
86
32
36
245
295
467
499
83
422
482
185
272
490
383
400
206
289
91
418
107
178
397
406
416
72
285
364
386
380
116
145
357
491
323
195
130
468
372
410
101
256
401
27
126
134
189
478
158
317
355
144
172
405
433
83
196
453
208
484
122
258
463
471
81
35
133
154
414
318
156
161
295
102
144
258
304
333
254
356
499
75
187
373
86
94
140
197
258
332
134
64
263
271
397
466
220
114
335
456
135
387
32
354
78
170
329
50
146
178
224
365
147
220
263
340
432
440
86
212
318
60
331
438
479
487
112
374
444
230
397
179
294
475
20
118
39
94
278
161
194
361
422
255
95
439
450
216
269
276
401
457
56
109
293
144
287
91
324
346
394
450
502
306
322
48
184
98
238
294
406
77
204
225
222
197
408
107
432
467
484
28
68
293
320
266
243
457
40
163
475
492
367
124
235
331
407
353
295
329
333
214
371
485
344
394
46
202
94
98
365
434
120
137
470
332
309
410
89
120
161
236
341
440
134
493
71
194
332
415
26
47
265
497
21
130
370
384
86
237
244
59
94
132
270
208
219
420
480
215
262
373
330
24
447
43
39
199
287
299
214
123
207
247
475
358
48
91
102
106
455
93
370
495
56
440
173
481
37
181
81
219
297
120
388
111
402
433
444
218
192
291
393
131
353
43
215
285
69
195
205
269
476
33
306
410
39
449
360
412
256
117
177
351
35
109
173
424
456
83
100
133
114
139
85
262
272
413
242
494
164
168
422
494
313
90
269
413
100
102
144
23
161
351
158
398
456
107
85
249
442
116
417
338
181
194
337
331
371
184
231
470
469
219
290
362
221
45
215
168
248
235
300
324
195
129
441
42
364
160
350
434
195
267
73
180
320
446
224
262
293
354
388
95
109
34
104
264
239
467
115
178
379
483
163
314
143
382
386
109
316
184
351
117
298
215
228
470
474
83
106
25
113
358
32
249
130
225
361
39
134
373
463
321
144
215
287
165
416
216
248
168
463
27
28
333
344
457
140
49
143
226
243
268
58
104
126
163
216
253
299
408
23
219
234
94
113
116
257
354
342
50
182
339
427
109
51
97
426
435
477
424
449
449
111
339
472
486
177
445
43
401
235
370
440
321
209
99
498
30
55
415
356
285
46
109
226
273
346
316
372
410
29
322
87
463
503
39
332
412
418
112
464
162
162
171
330
340
456
102
77
288
451
97
408
416
72
198
342
351
147
390
27
320
376
132
455
484
379
226
317
326
133
306
330
31
388
439
91
172
404
88
316
496
140
53
287
186
207
78
303
424
322
341
104
127
418
234
471
97
330
91
267
467
474
77
397
339
72
167
122
404
268
104
30
485
233
253
491
52
128
397
268
274
277
286
111
116
297
300
301
304
37
49
54
63
252
366
450
167
170
281
370
385
118
119
120
121
122
123
124
125
126
127
128
131
199
97
309
357
366
78
106
173
287
302
338
426
428
429
430
431
440
452
44
95
99
103
105
159
437
350
398
405
457
466
471
478
60
408
171
174
376
450
434
446
265
403
405
406
407
408
274
276
373
382
439
458
148
160
163
189
51
261
333
345
302
480
163
175
388
484
198
388
389
396
229
368
165
168
467
400
105
126
200
284
225
27
208
442
66
69
200
229
418
479
55
478
486
275
278
281
258
382
456
47
55
471
200
453
489
176
177
373
28
399
474
480
43
63
65
32
35
128
102
192
334
142
139
352
388
85
462
487
178
397
428
262
334
409
186
187
188
189
190
191
192
193
195
430
308
409
418
71
470
104
106
111
145
203
372
303
306
312
500
229
231
240
260
343
31
234
285
311
413
472
487
118
142
223
367
112
345
406
463
93
96
100
102
103
104
107
108
110
113
119
326
333
342
343
348
358
360
168
368
153
66
72
165
300
458
459
471
257
401
259
430
22
30
48
256
287
25
277
25
46
209
319
12
93
429
439
442
452
304
317
28
171
75
81
153
456
462
362
449
504
41
53
60
67
120
124
126
127
129
130
131
132
133
134
135
493
429
416
32
37
65
197
199
354
442
464
482
115
407
427
482
68
107
263
368
429
118
254
278
39
60
392
407
439
435
119
299
27
50
347
122
123
124
125
126
129
130
131
132
112
347
167
172
177
178
180
301
309
336
175
107
466
165
173
401
402
406
490
493
498
501
71
74
79
82
284
380
384
393
397
458
83
150
162
166
259
230
213
223
224
228
394
62
388
395
399
400
453
109
220
446
454
337
347
196
202
371
417
47
270
45
170
134
397
461
42
313
374
59
67
101
106
71
480
361
384
184
186
188
190
193
194
79
85
94
157
217
325
314
420
106
408
249
284
265
474
486
99
102
106
107
110
114
117
332
337
342
347
350
352
363
364
367
378
182
190
195
374
127
150
41
77
175
176
180
184
98
434
303
384
446
447
33
117
111
128
129
131
133
134
215
219
199
326
39
425
110
305
262
274
24
86
140
378
399
124
377
66
175
470
240
476
479
147
214
436
475
484
65
433
496
36
81
105
240
481
32
241
310
415
116
231
293
245
310
362
439
244
462
430
190
266
324
495
239
352
383
432
445
234
491
148
237
246
245
235
331
328
457
194
210
59
103
139
292
322
355
394
427
114
126
239
277
223
233
313
328
200
27
258
263
192
233
485
180
207
501
176
431
329
98
279
405
131
360
108
414
362
404
250
460
214
151
41
268
430
213
248
285
358
471
489
406
225
208
304
386
229
288
166
150
469
70
290
239
290
334
204
242
253
273
442
392
398
110
445
73
415
171
145
39
470
130
192
298
496
180
378
426
254
257
112
188
224
341
272
334
109
247
285
460
140
191
195
265
294
472
269
52
69
292
267
189
140
284
157
206
103
309
445
76
109
262
171
486
164
255
467
460
78
156
278
480
442
241
366
235
255
184
271
478
279
503
50
383
72
45
99
240
278
265
276
173
291
405
438
193
339
343
463
39
196
336
205
342
119
430
446
23
279
314
319
459
251
292
296
341
105
391
478
489
151
229
430
125
431
60
235
241
94
124
164
170
241
247
445
181
238
62
98
412
452
284
432
95
318
426
316
385
186
262
486
223
38
455
488
87
96
190
218
347
356
289
118
355
274
414
311
245
31
243
117
427
71
242
226
281
290
308
357
317
330
283
450
336
38
28
432
438
97
114
503
225
336
345
484
215
288
294
322
106
462
196
432
27
266
448
111
240
246
236
242
101
192
213
219
185
362
20
156
454
460
139
270
103
366
83
247
91
155
307
290
302
236
140
210
226
184
494
253
156
351
372
378
128
433
106
109
112
417
21
88
213
296
359
410
428
238
343
392
183
222
250
285
414
417
181
284
142
54
87
176
179
182
380
333
357
473
488
121
127
130
331
334
412
424
221
356
410
26
290
424
253
262
448
454
344
135
150
30
491
50
161
329
474
31
336
76
88
91
103
124
139
160
163
169
196
199
205
232
235
241
247
268
271
277
304
307
343
346
376
379
415
427
448
451
487
269
426
138
181
251
333
480
481
109
112
115
324
376
373
174
419
422
223
226
243
49
101
498
461
169
95
246
384
387
500
28
273
54
57
72
411
385
392
233
239
383
60
227
233
239
242
130
133
270
207
160
298
461
480
32
48
337
454
340
193
414
428
489
145
152
356
161
430
472
84
400
428
447
474
476
483
189
460
462
45
60
358
410
237
267
442
65
85
89
64
323
327
427
369
394
101
473
486
315
97
141
90
494
30
105
67
366
25
62
81
120
132
179
193
209
228
318
421
472
28
31
228
328
412
447
70
134
395
39
76
465
441
80
172
414
420
27
72
78
92
376
159
173
399
338
346
344
172
209
338
376
422
209
327
339
353
133
228
153
174
269
389
201
386
24
41
204
329
381
439
493
249
185
299
416
147
151
163
367
79
83
399
306
441
46
51
135
320
180
369
62
247
397
456
160
115
174
475
92
142
385
419
289
46
162
302
309
353
420
373
389
324
343
362
133
207
229
420
64
97
150
174
176
236
396
484
139
182
334
113
362
404
416
437
36
78
90
111
43
61
101
122
310
328
343
370
487
249
92
132
232
344
418
426
96
151
277
501
84
204
206
74
80
446
463
36
91
101
164
362
378
382
100
336
402
406
27
36
79
40
163
289
431
314
407
32
277
411
175
414
39
119
171
52
96
119
132
102
240
25
232
336
122
273
389
208
267
287
372
163
160
280
293
397
77
453
175
357
96
195
271
114
196
312
83
164
142
184
403
135
308
116
192
218
236
437
25
289
293
312
456
247
231
264
443
219
456
172
248
182
163
174
217
489
496
102
481
217
310
346
484
129
259
100
339
141
351
482
185
219
252
320
136
273
322
24
34
292
23
172
495
43
418
378
105
139
213
246
500
78
286
88
204
461
67
261
295
173
180
212
461
286
314
141
287
237
285
391
236
306
314
28
238
293
98
256
461
171
485
16
402
429
475
488
501
50
74
301
439
477
496
115
283
289
487
76
108
262
122
183
178
332
55
317
327
413
43
80
277
307
395
284
381
50
218
258
364
214
338
367
238
293
294
316
38
109
252
287
468
97
173
197
488
49
165
227
233
312
404
44
171
194
73
94
138
309
140
149
173
374
375
387
438
112
119
275
314
361
433
94
95
270
306
497
96
216
274
236
265
270
356
235
333
485
25
207
253
283
401
413
457
465
493
61
113
294
67
82
302
374
62
68
139
395
153
329
415
463
65
66
150
321
390
407
436
25
84
151
198
377
383
473
382
450
190
291
431
454
66
90
181
299
367
45
71
354
392
422
330
407
84
316
372
108
271
312
402
24
117
207
208
131
138
232
238
350
355
405
420
225
311
461
127
140
146
385
146
297
387
388
226
376
382
490
56
201
440
494
41
78
486
162
389
152
372
386
393
70
186
192
350
390
481
187
441
36
76
151
162
221
254
360
23
298
421
101
213
227
82
88
439
497
72
108
327
370
487
123
188
18
133
159
40
106
317
167
248
371
410
411
147
171
331
384
185
482
484
35
121
256
347
475
484
170
175
297
228
345
478
172
178
349
191
231
432
297
478
505
49
79
172
270
137
329
336
378
387
491
196
242
264
92
142
168
260
342
364
444
451
457
361
487
478
238
287
323
398
421
40
346
20
492
493
60
374
165
420
452
462
129
156
375
387
43
314
327
453
203
319
361
440
450
488
59
223
485
20
118
130
188
411
146
373
422
451
477
31
201
233
247
109
260
291
125
244
359
231
232
479
485
52
121
193
318
220
399
40
134
198
436
208
220
279
384
164
240
254
301
462
145
232
275
415
141
169
286
281
475
121
152
181
335
479
280
331
153
243
283
319
342
221
413
438
445
43
197
479
77
152
279
312
27
323
125
156
219
266
321
275
373
252
40
216
310
313
329
336
379
30
192
389
339
368
61
158
38
107
193
274
415
206
230
274
452
274
461
470
315
438
41
44
45
213
42
54
153
330
428
489
67
247
323
362
401
198
310
322
312
313
59
62
75
156
383
496
290
297
362
157
405
444
36
126
150
292
298
395
407
94
271
389
91
464
477
114
321
104
300
177
235
247
272
296
357
437
175
295
26
340
424
301
399
48
423
34
207
304
327
446
49
77
192
358
279
321
139
213
459
14
41
168
176
177
180
356
418
106
151
43
159
188
191
339
447
448
105
132
190
220
285
63
185
211
387
103
125
226
288
303
123
302
63
75
112
184
220
364
436
444
472
50
288
408
133
145
204
45
99
362
402
410
263
160
271
282
138
208
271
307
418
296
23
134
307
462
391
133
403
276
283
398
442
71
77
121
158
384
89
102
178
256
306
368
369
372
469
248
291
303
373
303
319
358
108
421
320
323
442
76
79
83
208
216
237
467
487
491
494
84
92
231
220
407
33
271
351
76
129
345
423
462
488
38
64
103
337
371
8
304
443
124
222
332
377
92
96
108
313
404
410
436
440
65
279
485
104
107
160
164
193
299
263
446
59
126
393
299
128
153
229
235
492
140
254
91
312
168
301
385
392
418
487
73
152
188
191
298
310
440
34
296
329
430
53
284
309
495
225
320
327
357
497
498
501
318
90
141
265
446
22
47
146
267
297
350
75
186
216
259
263
297
49
97
117
123
419
88
82
272
422
430
433
445
454
414
31
243
249
255
279
91
280
295
61
281
68
383
75
266
300
381
193
202
292
298
189
192
198
204
251
260
208
474
272
114
141
406
426
223
232
238
244
388
306
330
333
28
211
241
247
289
456
459
227
349
285
51
256
271
251
107
270
299
339
342
389
258
227
233
231
436
133
139
142
279
401
440
111
265
295
310
41
499
93
129
271
408
411
414
417
265
303
189
195
201
210
370
215
221
452
295
301
133
134
237
166
278
265
164
185
395
466
245
326
161
211
214
438
159
479
370
475
63
71
77
101
165
324
410
112
118
394
241
256
467
61
421
291
212
218
233
239
393
108
132
135
138
144
219
222
405
483
398
409
119
294
398
326
330
454
119
469
44
348
53
188
392
224
409
450
454
496
19
499
198
74
78
101
137
261
402
406
168
474
132
367
232
36
139
393
430
18
41
245
247
311
308
23
35
468
163
117
190
391
104
145
180
283
173
317
252
347
30
98
100
485
327
405
477
115
129
183
75
310
342
183
200
353
58
397
417
468
450
451
466
501
472
135
91
197
91
95
177
413
481
118
23
54
115
315
79
128
151
296
492
66
62
206
131
325
422
126
184
437
229
255
379
140
98
193
357
403
306
397
82
252
501
87
318
115
211
282
418
480
172
190
459
225
436
160
21
415
49
298
340
348
366
486
213
142
158
291
315
367
299
302
176
392
224
368
311
360
84
357
437
101
132
226
228
284
48
137
173
392
416
432
138
424
98
199
330
49
476
484
244
262
53
181
337
361
127
39
367
207
501
449
63
377
455
459
78
151
74
149
30
78
174
469
111
191
410
95
376
23
390
35
231
262
136
259
178
158
201
303
343
457
494
123
193
454
146
173
197
335
247
312
303
441
88
260
309
372
460
89
371
434
259
96
215
469
59
58
204
235
290
89
386
390
430
490
211
356
185
408
129
139
262
288
465
466
66
282
26
244
383
461
420
317
147
452
23
89
241
269
285
293
421
290
35
54
86
347
129
333
329
130
147
174
322
499
300
57
137
22
252
365
238
425
95
173
206
237
317
270
295
463
48
226
302
164
206
67
440
339
119
367
35
137
393
467
26
321
399
36
116
440
491
35
58
103
345
246
397
54
88
94
137
253
441
100
155
372
226
372
41
267
283
175
206
45
144
173
228
101
57
197
296
324
346
486
120
219
404
422
489
123
297
478
164
373
77
99
268
59
270
17
24
38
51
149
152
229
162
294
27
119
337
21
55
276
127
195
184
304
325
416
159
437
111
198
304
309
423
232
267
56
161
209
445
103
112
310
353
376
54
200
398
153
372
158
245
470
111
136
181
190
418
430
114
131
278
298
346
425
459
493
101
173
225
236
250
344
211
368
440
444
28
212
225
139
142
409
421
223
302
66
192
62
75
160
302
316
319
32
259
271
278
275
221
225
268
271
503
285
121
343
372
153
238
179
448
416
111
195
83
459
313
439
468
214
230
327
313
454
372
377
238
240
272
434
61
273
275
283
299
395
372
332
414
141
168
301
346
196
265
58
75
226
230
273
283
137
185
190
223
240
254
290
500
163
170
224
241
255
433
447
475
140
154
172
278
292
432
449
95
121
21
28
104
113
476
39
84
93
321
333
452
130
150
198
277
311
408
26
98
150
161
175
269
257
476
225
270
272
35
110
176
292
394
365
393
467
50
404
408
234
269
273
281
379
498
278
281
57
66
71
81
292
294
296
253
361
167
277
465
467
481
500
205
217
399
433
473
217
230
472
53
297
41
109
130
255
279
425
97
139
334
343
23
42
240
459
133
218
147
152
22
62
91
385
397
410
493
117
295
308
349
45
88
256
293
295
254
256
290
294
318
272
290
224
226
243
400
256
297
396
251
256
265
290
235
242
339
475
477
299
301
303
438
56
266
41
138
158
469
96
278
495
430
45
94
444
482
484
87
152
326
389
442
35
37
44
241
59
185
356
400
457
459
134
223
410
78
96
434
470
51
195
265
384
491
477
74
295
482
72
160
225
384
56
104
195
328
347
82
110
255
366
357
55
217
57
400
388
355
357
401
318
111
132
396
117
464
471
109
118
376
65
67
301
115
394
200
231
394
410
312
242
315
387
327
430
214
349
61
289
362
230
431
40
106
113
367
308
231
367
157
330
455
428
393
56
110
112
123
362
444
32
43
123
170
172
188
68
297
82
118
310
397
399
404
265
441
36
401
250
97
497
40
170
482
489
491
133
435
239
379
101
311
440
255
482
107
329
449
22
21
234
22
320
32
44
194
207
345
29
58
157
216
229
266
273
258
383
413
424
128
272
245
401
94
114
129
147
224
254
484
324
154
263
114
219
339
203
174
481
186
187
210
228
240
19
35
328
400
110
237
245
452
407
425
203
225
323
45
56
217
221
233
121
443
482
33
299
452
43
120
249
282
33
97
412
477
226
445
467
490
389
325
427
464
109
311
351
254
468
52
27
115
268
259
407
426
82
344
139
229
46
266
413
232
481
56
99
230
196
257
185
109
307
289
120
190
200
332
343
223
46
59
197
362
82
141
240
446
479
241
266
405
391
433
38
180
188
465
468
241
251
105
407
67
256
486
205
234
450
166
436
399
473
42
69
433
253
94
208
216
283
476
225
264
332
51
104
260
14
484
72
167
454
95
220
46
214
217
337
354
107
283
326
177
221
279
286
428
195
33
211
297
375
450
90
123
168
309
370
408
444
140
266
291
306
331
87
255
307
312
293
50
486
226
346
473
155
363
473
59
74
175
79
453
125
39
84
168
256
267
484
338
284
276
361
56
451
206
129
260
288
391
67
141
452
211
256
140
183
233
328
29
66
221
390
380
320
324
439
53
154
244
205
441
143
370
498
109
186
197
61
124
128
256
322
348
175
272
175
343
72
266
348
359
358
493
58
265
77
467
368
238
150
114
363
23
323
365
410
340
265
293
340
495
85
157
193
229
265
373
481
27
464
62
163
248
384
55
84
428
196
37
317
432
156
351
364
379
58
398
38
215
246
144
288
329
122
333
346
361
388
70
123
164
241
424
402
419
133
467
101
209
112
309
228
247
346
451
187
198
93
120
247
255
218
138
387
96
197
438
95
56
200
334
170
355
442
393
85
132
244
257
272
479
314
346
342
499
116
191
136
427
62
207
39
112
497
161
278
60
336
369
378
320
85
91
249
103
298
467
52
112
115
118
121
124
127
187
196
238
185
238
244
466
353
243
295
354
91
450
234
472
264
321
243
127
154
205
211
317
386
132
31
160
366
468
224
170
92
124
216
97
203
361
40
50
355
78
101
347
496
187
104
453
82
374
76
218
232
286
381
481
106
248
281
327
29
288
376
188
258
429
437
148
156
384
362
462
465
195
276
332
496
203
360
402
112
374
84
148
154
185
332
110
41
56
340
349
402
86
203
356
317
269
318
217
231
255
246
329
335
400
332
382
257
476
500
349
276
92
216
303
309
277
331
416
278
157
275
344
207
250
188
194
301
351
430
168
177
185
493
361
504
60
452
94
239
365
433
39
107
460
504
289
130
226
361
376
282
434
477
342
132
52
242
464
485
270
370
217
53
165
217
24
91
239
417
463
490
163
323
455
175
122
171
40
140
344
275
460
115
122
128
425
427
386
98
105
407
470
34
80
400
404
410
276
449
75
200
261
295
474
287
427
474
27
31
337
428
473
488
49
430
91
167
282
51
302
455
142
440
89
93
184
190
216
386
420
427
81
85
143
384
86
93
149
364
466
192
253
359
458
231
281
283
376
59
111
122
47
98
348
34
156
192
151
154
155
310
467
267
401
131
450
494
391
271
440
356
360
123
124
117
455
185
201
333
444
137
122
184
31
78
84
103
264
326
446
110
370
400
494
43
398
472
30
328
443
233
456
235
344
354
277
454
264
92
203
497
274
322
496
180
401
436
324
408
230
231
255
473
455
487
47
420
36
476
44
104
76
220
398
243
108
327
176
303
127
31
61
241
260
332
34
160
490
244
383
464
26
190
95
413
20
124
471
380
203
402
264
231
179
250
440
207
324
403
136
246
280
352
138
189
281
289
236
114
77
72
171
268
243
59
414
329
322
287
241
31
119
235
109
303
436
62
453
380
87
139
224
301
309
149
391
395
213
305
342
145
268
97
167
230
99
200
112
279
331
179
334
338
494
479
180
349
129
273
435
275
353
362
99
272
47
30
109
236
379
450
38
98
99
233
277
432
167
35
261
326
333
291
315
85
261
314
494
46
71
349
192
427
440
126
431
317
329
442
90
94
385
155
194
501
75
184
292
361
371
433
214
215
386
242
160
42
249
366
460
463
248
180
182
183
324
255
188
284
295
42
127
53
153
161
74
316
320
405
278
236
142
186
162
166
161
283
476
205
368
375
376
255
306
397
457
311
322
41
146
236
301
159
414
299
504
482
490
494
72
88
147
267
297
344
210
414
322
377
480
145
270
148
446
22
68
482
23
50
380
494
81
132
174
175
340
344
107
164
196
346
410
84
312
132
192
210
497
24
101
105
24
285
151
309
318
233
296
145
316
252
360
82
195
359
410
133
271
160
398
483
381
39
335
342
20
49
436
471
120
121
354
423
87
122
172
239
413
484
319
79
374
399
443
219
253
295
46
117
273
490
219
292
343
360
361
368
393
487
376
358
36
68
74
260
288
349
488
180
203
269
309
222
223
251
90
355
282
68
241
271
375
401
427
444
25
421
24
161
170
175
306
166
198
201
186
192
402
440
278
490
211
372
395
471
222
324
245
313
33
275
416
476
59
63
84
85
105
261
282
445
354
356
357
408
199
236
107
73
227
71
372
55
99
401
109
230
242
202
227
228
256
254
407
450
330
227
313
334
261
146
453
63
126
211
228
333
442
136
143
200
434
100
178
274
315
98
231
254
14
27
31
33
41
46
48
51
54
67
219
361
339
374
206
275
411
47
97
164
338
390
315
51
419
180
414
496
198
208
291
50
372
168
365
200
216
181
241
268
277
385
86
306
450
498
148
29
122
500
43
405
197
248
361
454
43
398
165
375
487
497
208
224
258
252
187
192
340
42
138
210
217
258
184
268
17
223
128
342
350
247
267
53
446
455
105
26
32
115
123
406
115
171
475
51
59
217
223
233
254
122
491
226
234
404
19
87
93
121
156
309
411
462
497
354
427
384
423
53
219
224
229
275
32
42
86
118
267
337
420
414
475
85
107
282
88
189
449
202
363
497
73
20
139
335
475
150
201
253
334
442
345
288
448
224
253
260
297
270
142
147
369
295
195
121
197
333
462
43
290
68
293
427
196
252
428
328
371
317
443
448
425
329
346
82
89
239
209
231
355
118
467
376
105
51
146
205
388
454
115
344
474
492
33
56
114
266
81
271
329
370
401
214
273
313
471
188
215
339
192
376
156
264
458
62
461
102
251
122
127
132
178
494
498
183
219
363
471
119
189
272
339
462
466
246
452
92
88
95
389
31
450
199
254
463
19
84
159
163
493
20
300
313
387
42
71
23
134
277
137
260
425
263
464
471
488
408
410
221
476
72
100
313
381
159
263
169
304
311
54
344
186
165
375
395
188
212
219
493
190
484
24
98
140
213
434
45
242
285
72
207
41
237
69
134
66
330
450
158
283
302
397
38
315
180
256
422
336
366
143
168
378
85
301
465
474
101
334
135
117
357
116
288
290
358
483
347
277
393
395
396
469
440
22
305
416
198
149
170
47
234
387
469
135
340
103
404
109
277
88
305
194
50
90
235
69
78
107
386
469
18
313
153
317
26
431
28
18
297
219
377
379
384
414
368
27
236
243
331
356
132
308
116
100
135
443
113
122
149
187
478
365
305
379
383
443
445
259
258
361
343
397
160
320
123
212
455
310
230
302
14
111
100
496
75
103
111
164
177
189
140
174
81
45
222
235
343
360
476
157
235
201
440
51
70
139
141
249
92
329
277
349
261
439
52
135
153
329
59
191
104
342
451
432
457
254
460
39
317
327
403
426
227
282
501
47
95
119
143
304
169
170
421
452
291
393
202
369
412
121
173
370
91
149
311
104
426
431
119
191
235
166
212
266
341
351
189
237
261
285
150
299
34
247
293
302
395
447
69
75
177
190
338
369
417
441
401
182
256
405
193
292
130
239
493
187
197
208
319
58
314
326
350
386
398
494
29
41
262
398
402
419
65
99
483
364
400
481
112
229
316
154
279
44
450
262
123
127
174
134
295
229
223
291
467
301
52
306
475
187
280
62
155
181
237
309
427
461
467
62
446
240
118
140
242
427
99
156
246
435
439
158
204
191
238
391
73
109
341
193
211
399
468
180
361
154
191
281
292
352
26
423
434
73
156
180
209
327
425
321
333
314
116
188
303
407
54
241
252
296
318
379
48
274
286
321
388
501
88
302
84
144
311
486
151
171
435
477
393
484
82
108
114
225
265
274
286
289
424
427
430
195
26
49
25
167
82
120
123
301
321
354
439
351
502
83
439
148
175
178
201
138
248
466
477
205
206
220
395
261
449
493
108
111
123
126
203
300
402
41
87
208
220
448
78
201
54
370
486
489
162
256
305
320
40
158
154
218
465
468
61
38
197
401
186
204
458
461
127
403
168
186
189
192
333
468
357
387
425
274
337
108
321
324
474
326
385
400
412
469
155
257
263
277
263
473
488
130
220
45
103
105
108
116
120
122
123
137
358
359
361
25
179
76
187
171
174
177
57
238
26
58
319
230
233
187
426
432
62
498
501
133
211
212
461
465
31
46
403
234
161
147
162
145
29
212
240
309
356
365
332
335
308
314
320
98
427
355
441
170
39
350
273
465
142
457
465
430
310
304
465
480
331
403
70
163
353
25
103
174
324
93
475
233
105
237
273
468
407
161
88
91
414
286
451
227
270
273
405
408
55
352
44
91
103
115
403
417
80
275
430
433
445
112
38
50
290
428
443
452
460
170
204
229
28
115
127
136
190
455
29
457
42
102
108
111
114
117
120
123
126
129
256
98
181
75
162
174
285
173
353
228
501
494
75
114
463
120
210
219
313
347
441
244
280
109
121
157
397
163
221
224
285
66
254
333
284
287
443
149
187
219
113
138
430
281
46
151
289
248
259
325
475
296
43
248
419
66
148
435
447
114
56
293
494
255
37
40
64
332
404
255
200
355
358
370
181
491
307
210
225
150
349
87
236
337
25
340
59
272
275
322
202
472
473
65
283
467
475
494
174
158
430
209
234
347
206
232
170
308
366
277
286
457
66
372
60
163
198
316
354
486
272
399
411
190
273
276
300
186
268
51
233
477
37
52
106
217
247
278
217
59
290
313
325
111
195
93
244
387
455
458
295
395
129
326
334
462
50
60
100
22
394
418
431
309
371
288
319
36
307
95
122
153
156
356
378
397
175
98
184
189
263
216
218
251
326
331
178
134
148
172
202
174
32
131
64
109
154
157
156
298
317
319
367
196
358
334
337
42
65
131
412
427
429
147
290
358
361
20
147
320
179
499
301
400
134
135
159
408
51
397
484
117
162
379
292
400
80
270
431
450
36
450
398
120
80
81
222
364
473
94
72
243
405
421
484
252
86
496
72
192
323
214
346
54
174
290
305
364
326
417
420
80
38
